L=95, T=600s, Q=10000
1.3167493 3427.0
1.3897444 3247.0
1.49075 3027.0
1.5066777 2995.0
1.5395769 2931.0
1.6996233 2655.0
1.7416055 2591.0
1.7857143 2527.0
1.9032054 2371.0
1.9458818 2319.0
2.0154088 2239.0
2.086223 2163.0
2.2130947 2039.0
2.356397 1915.0
2.4015434 1879.0
2.497233 1807.0
2.5422535 1775.0
2.6559741 1699.0
2.681224 1683.0
2.720012 1659.0
2.733192 1651.0
2.7532032 1639.0
2.7735095 1627.0
2.7872143 1619.0
2.8797064 1567.0
2.9320989 1539.0
2.9864328 1511.0
3.0103402 1499.0
3.051048 1479.0
3.067641 1471.0
3.0760055 1467.0
3.092872 1459.0
3.3204563 1359.0
3.3302584 1355.0
3.360015 1343.0
3.3903081 1331.0
#10110111111100101001011111111001011100100011000001110101100011101110100110111000110001110101001#
