L=95, T=600s, Q=10000
1.2319137 3663.0
1.3307284 3391.0
1.3579596 3323.0
1.4176878 3183.0
1.432085 3151.0
1.4617752 3087.0
1.5761439 2863.0
1.582778 2851.0
1.637931 2755.0
1.738921 2595.0
1.7828921 2531.0
1.7857143 2527.0
1.8654402 2419.0
1.880992 2399.0
1.919396 2351.0
1.9325482 2335.0
1.9425312 2323.0
1.9458818 2319.0
1.9594008 2303.0
2.0558085 2195.0
2.0595617 2191.0
2.1175504 2131.0
2.2001462 2051.0
2.3712559 1903.0
2.5139275 1795.0
2.5195422 1791.0
2.588927 1743.0
2.6876116 1679.0
3.0346334 1487.0
3.051048 1479.0
3.0760055 1467.0
3.1445992 1435.0
3.189046 1415.0
3.2071784 1407.0
3.2255182 1399.0
3.3302584 1355.0
3.4211524 1319.0
3.4315588 1315.0
3.452563 1307.0
3.506216 1287.0
3.5171473 1283.0
3.64205 1239.0
3.665719 1231.0
3.7386081 1207.0
3.8144548 1183.0
3.853544 1171.0
3.8934426 1159.0
#01000100000000010111101011101001111000011001110111001000101101110100110101101001110111000001111#
