L=95, T=600s, Q=10000
0.8515758 5299.0
0.96524066 4675.0
1.0101858 4467.0
1.0787712 4183.0
1.10845 4071.0
1.201731 3755.0
1.2911302 3495.0
1.3466129 3351.0
1.4868205 3035.0
1.5006651 3007.0
1.5437906 2923.0
1.7151273 2631.0
1.7309167 2607.0
1.7772745 2539.0
1.8471142 2443.0
1.8904482 2387.0
1.9 2375.0
1.9096488 2363.0
1.9975653 2259.0
2.2350173 2019.0
2.3320413 1935.0
2.4273803 1859.0
2.6373465 1711.0
2.681224 1683.0
2.733192 1651.0
2.8150344 1603.0
2.8434153 1587.0
2.8797064 1567.0
2.9397395 1535.0
3.1533892 1431.0
3.189046 1415.0
3.442029 1311.0
3.5392158 1275.0
3.6538463 1235.0
3.7262592 1211.0
3.751039 1203.0
3.947944 1143.0
#10101100010001100100001111011100000110011011111010110010110010011101001111101010110110101110000#
