L=95, T=600s, Q=10000
1.1261542 4007.0
1.2332605 3659.0
1.2455148 3623.0
1.3402139 3367.0
1.3661822 3303.0
1.3795476 3271.0
1.412363 3195.0
1.4947002 3019.0
1.4966832 3015.0
1.5984768 2823.0
1.6523252 2731.0
1.7047601 2647.0
1.7633841 2559.0
1.7885454 2523.0
1.8968054 2379.0
1.9032054 2371.0
1.9358644 2331.0
1.9458818 2319.0
1.9594008 2303.0
2.0409317 2211.0
2.1056929 2143.0
2.2755926 1983.0
2.3081841 1955.0
2.469896 1827.0
2.5365374 1779.0
2.5422535 1775.0
2.6373465 1711.0
2.8434153 1587.0
2.9707043 1519.0
3.0760055 1467.0
3.109924 1451.0
3.1533892 1431.0
3.291393 1371.0
3.350037 1347.0
3.4315588 1315.0
3.442029 1311.0
3.64205 1239.0
3.665719 1231.0
3.6896975 1223.0
4.1210046 1095.0
4.1666665 1083.0
4.3264623 1043.0
4.343118 1039.0
#10111001111001011011001011001111101010111011000110011011111100000100000101011010000111101110010#
