L=95, T=600s, Q=10000
1.179122 3827.0
1.2911302 3495.0
1.3045678 3459.0
1.356327 3327.0
1.3628813 3311.0
1.4105971 3199.0
1.4770868 3055.0
1.5250084 2959.0
1.5374787 2935.0
1.5501546 2911.0
1.6355563 2759.0
1.6403127 2751.0
1.7125237 2635.0
1.7551537 2571.0
1.7689141 2551.0
1.9358644 2331.0
2.0082333 2247.0
2.1295424 2119.0
2.1335697 2115.0
2.1873486 2063.0
2.3514853 1919.0
2.4221685 1863.0
2.4645002 1831.0
2.508338 1799.0
2.6940298 1675.0
2.7532032 1639.0
2.8362665 1591.0
3.0346334 1487.0
3.0844157 1463.0
3.1358583 1439.0
3.3401184 1351.0
3.4108088 1323.0
3.4211524 1319.0
3.442029 1311.0
3.8404255 1175.0
4.0763326 1107.0
4.1666665 1083.0
#10110010011101010000010111101001000011000111110111110111101001110101001110000101111001110011001#
