L=67, T=600s, Q=10000
0.6630724 3385.0
0.7247336 3097.0
0.7469218 3005.0
0.8473009 2649.0
0.86293733 2601.0
0.87778646 2557.0
0.8805414 2549.0
0.8903213 2521.0
0.962066 2333.0
1.0033528 2237.0
1.0179138 2205.0
1.1635562 1929.0
1.3644377 1645.0
1.5114478 1485.0
1.51553 1481.0
1.8028113 1245.0
1.8751044 1197.0
1.900508 1181.0
2.1396568 1049.0
2.355194 953.0
2.3751323 945.0
2.4160388 929.0
2.469197 909.0
2.5828538 869.0
2.6944778 833.0
2.9807436 753.0
3.0958622 725.0
3.1657264 709.0
3.2766423 685.0
3.3956127 661.0
3.4583976 649.0
3.7849915 593.0
4.3080616 521.0
4.4445543 505.0
4.6278353 485.0
#0100000001000110100111101101100001011100011101100000110101010010001#
