L=67, T=600s, Q=10000
0.9587783 2341.0
1.1399187 1969.0
1.2271733 1829.0
1.2716714 1765.0
1.2803766 1753.0
1.3711057 1637.0
1.4718033 1525.0
1.557599 1441.0
1.6299927 1377.0
1.649155 1361.0
1.6888638 1329.0
1.9134698 1173.0
1.9740546 1137.0
2.0094001 1117.0
2.2603223 993.0
2.34535 957.0
2.355194 953.0
2.8886745 777.0
2.9494088 761.0
3.0127516 745.0
3.2018545 701.0
3.2766423 685.0
3.315362 677.0
3.3350668 673.0
3.7596314 597.0
3.917103 573.0
3.9725664 565.0
4.2110696 533.0
4.3752437 513.0
#0010110101101111110110000111111100111100010101010010001110011011101#
