L=67, T=600s, Q=10000
1.008764 2225.0
1.0160706 2209.0
1.0932782 2053.0
1.1284565 1989.0
1.2271733 1829.0
1.3880643 1617.0
1.419671 1581.0
1.4415543 1557.0
1.4565217 1541.0
1.6205776 1385.0
1.6787584 1337.0
1.856493 1209.0
2.0094001 1117.0
2.1727977 1033.0
2.2333333 1005.0
2.6190197 857.0
2.7881987 805.0
2.8447402 789.0
2.8886745 777.0
3.0290148 741.0
3.1130373 721.0
3.183688 705.0
3.2388167 693.0
3.2766423 685.0
3.3350668 673.0
3.3550074 669.0
3.5912 625.0
3.8367522 585.0
3.9725664 565.0
#0011001111100011101011001111110100110101111111000101001000100101011#
