L=67, T=600s, Q=10000
0.95714283 2345.0
1.1018655 2037.0
1.1194514 2005.0
1.3041836 1721.0
1.3102744 1713.0
1.3915066 1613.0
1.4054477 1597.0
1.4452672 1553.0
1.5073875 1489.0
1.5532871 1445.0
1.6066571 1397.0
1.7252114 1301.0
1.8940928 1185.0
2.0386012 1101.0
2.0535223 1093.0
2.1897562 1025.0
2.2069814 1017.0
2.2603223 993.0
2.3067832 973.0
2.5828538 869.0
2.6313014 853.0
2.6944778 833.0
2.7744129 809.0
2.9494088 761.0
3.1657264 709.0
3.2388167 693.0
3.437213 653.0
3.479845 645.0
3.6143317 621.0
3.68555 609.0
3.734609 601.0
#0010100110000100111010111110111000001111011101100100111010001101101#
