L=83, T=600s, Q=10000
0.6552216 5257.0
0.7228751 4765.0
0.7460472 4617.0
0.7693768 4477.0
0.8270108 4165.0
0.83260816 4137.0
0.9502069 3625.0
1.0068693 3421.0
1.0654191 3233.0
1.2475553 2761.0
1.326338 2597.0
1.3283842 2593.0
1.5706794 2193.0
1.6909671 2037.0
1.8508866 1861.0
1.8588775 1853.0
1.9559909 1761.0
1.9968116 1725.0
2.1041539 1637.0
2.1144874 1629.0
2.2705998 1517.0
2.50874 1373.0
2.7315621 1261.0
2.9265082 1177.0
3.0947888 1113.0
3.1171947 1105.0
3.5992684 957.0
3.6918542 933.0
4.1751513 825.0
4.2160344 817.0
#11010101010101100011100100110011011011010010111111000011111111111110010100001000110#
