L=83, T=600s, Q=10000
1.0033498 3433.0
1.0422088 3305.0
1.1939341 2885.0
1.2124252 2841.0
1.2457504 2765.0
1.2847818 2681.0
1.3062192 2637.0
1.3620008 2529.0
1.4969579 2301.0
1.6488751 2089.0
1.7458185 1973.0
1.7968179 1917.0
1.9253772 1789.0
1.960444 1757.0
1.9830167 1737.0
2.083787 1653.0
2.1568565 1597.0
2.173186 1585.0
2.417193 1425.0
2.5160701 1369.0
2.5996227 1325.0
2.8396537 1213.0
2.9265082 1177.0
2.9770958 1157.0
3.040159 1133.0
3.0947888 1113.0
3.1746545 1085.0
3.2342722 1065.0
3.2587512 1057.0
3.4548645 997.0
3.5842872 961.0
3.62961 949.0
3.8060772 905.0
4.3436317 793.0
4.5987983 749.0
#00000000111001100011100000001011010011101101101111101001100010111000010101001110110#
