L=83, T=600s, Q=10000
0.9139029 3769.0
1.1462562 3005.0
1.1857142 2905.0
1.2107205 2845.0
1.411102 2441.0
1.4891915 2313.0
1.5074399 2285.0
1.5536761 2217.0
1.6942941 2033.0
1.7819451 1933.0
1.811941 1901.0
1.8312068 1881.0
1.9515581 1765.0
2.015506 1709.0
2.0638106 1669.0
2.235237 1541.0
2.2646286 1521.0
2.3447924 1469.0
2.3641043 1457.0
2.383737 1445.0
2.4036984 1433.0
2.5533729 1349.0
2.5917983 1329.0
2.631398 1309.0
2.8396537 1213.0
3.040159 1133.0
3.1399271 1097.0
3.2342722 1065.0
3.5546956 969.0
3.8572228 893.0
3.94559 873.0
3.982081 865.0
4.000581 861.0
4.0192533 857.0
4.076331 845.0
#01101111000001000010010011100010000001011000010101101111101010100111001000101100100#
