L=83, T=600s, Q=10000
1.0334533 3333.0
1.0952306 3145.0
1.2421565 2773.0
1.2790568 2693.0
1.4490955 2377.0
1.5074399 2285.0
1.5180696 2269.0
1.7422863 1977.0
1.8750681 1837.0
1.9340259 1781.0
2.0061154 1717.0
2.0393724 1689.0
2.0687687 1665.0
2.0737507 1661.0
2.1041539 1637.0
2.2294497 1545.0
2.241054 1537.0
2.2469015 1533.0
2.3511946 1465.0
2.4446416 1409.0
2.545824 1353.0
2.584021 1333.0
2.6074944 1321.0
2.615414 1317.0
2.714342 1269.0
2.8303204 1217.0
2.887259 1193.0
2.9978242 1149.0
3.1514182 1093.0
3.1746545 1085.0
3.2342722 1065.0
3.3088377 1041.0
3.4002962 1013.0
3.4273632 1005.0
3.4410589 1001.0
3.5400822 973.0
3.5546956 969.0
3.6918542 933.0
3.8229744 901.0
3.8572228 893.0
3.94559 873.0
4.000581 861.0
4.0957193 841.0
4.3436317 793.0
4.3656526 789.0
4.4560156 773.0
4.6991816 733.0
#00000100010011111100110110110010111111000011000111100101011001110011000010110101010#
