L=83, T=600s, Q=10000
1.3222649 2605.0
1.4370046 2397.0
1.5621315 2205.0
1.6488751 2089.0
1.7968179 1917.0
1.8429642 1869.0
2.0787568 1657.0
2.1786845 1581.0
2.1953473 1569.0
2.235237 1541.0
2.3132975 1489.0
2.4656405 1397.0
2.5533729 1349.0
2.5609665 1345.0
2.584021 1333.0
2.6074944 1321.0
2.6475787 1301.0
3.040159 1133.0
3.1399271 1097.0
3.2342722 1065.0
3.2464657 1061.0
3.3604877 1025.0
3.4548645 997.0
3.4687815 993.0
3.4969542 985.0
3.511213 981.0
3.7237837 925.0
3.7399566 921.0
3.9275942 877.0
3.9637516 869.0
4.076331 845.0
4.433076 777.0
#00111100111111100001101110101010100000001001010100101011011000010010001100001101101#
