3.696384 802.0
3.7909207 782.0
4.1059556 722.0
4.1059556 722.0
4.1059556 722.0
4.1059556 722.0
4.1059556 722.0
4.1059556 722.0
4.346774 682.0
4.505319 658.0
4.505319 658.0
4.505319 658.0
4.505319 658.0
4.505319 658.0
4.505319 658.0
4.505319 658.0
4.505319 658.0
4.505319 658.0
4.505319 658.0
4.505319 658.0
4.505319 658.0
4.505319 658.0
4.505319 658.0
4.505319 658.0
4.505319 658.0
4.505319 658.0
4.505319 658.0
4.505319 658.0
4.505319 658.0
4.505319 658.0
4.505319 658.0
4.505319 658.0
4.505319 658.0
4.505319 658.0
4.505319 658.0
4.505319 658.0
4.505319 658.0
4.505319 658.0
4.505319 658.0
4.505319 658.0
4.505319 658.0
4.505319 658.0
4.505319 658.0
4.505319 658.0
4.505319 658.0
4.505319 658.0
4.505319 658.0
4.505319 658.0
4.505319 658.0
4.505319 658.0
4.505319 658.0
4.505319 658.0
4.505319 658.0
4.6465516 638.0
4.6465516 638.0
4.6465516 638.0
4.6465516 638.0
4.6465516 638.0
4.6465516 638.0
4.6465516 638.0
4.6465516 638.0
4.6465516 638.0
4.6465516 638.0
4.6465516 638.0
4.6465516 638.0
4.6465516 638.0
4.6465516 638.0
4.6465516 638.0
4.6465516 638.0
4.6465516 638.0
4.6465516 638.0
4.6465516 638.0
4.6465516 638.0
4.6465516 638.0
4.6465516 638.0
4.6465516 638.0
4.6465516 638.0
4.6465516 638.0
4.6465516 638.0
4.6465516 638.0
4.6465516 638.0
4.6465516 638.0
4.6465516 638.0
4.6465516 638.0
4.6465516 638.0
4.6465516 638.0
4.6465516 638.0
4.6465516 638.0
4.6465516 638.0
4.6465516 638.0
4.6465516 638.0
4.6465516 638.0
4.6465516 638.0
4.6465516 638.0
4.6465516 638.0
4.6465516 638.0
4.6465516 638.0
4.6465516 638.0
4.6465516 638.0
4.6465516 638.0
4.6465516 638.0
4.6465516 638.0
4.6465516 638.0
4.6465516 638.0
4.6465516 638.0
4.6465516 638.0
4.6465516 638.0
4.6465516 638.0
4.6465516 638.0
4.6465516 638.0
4.6465516 638.0
4.6465516 638.0
4.6465516 638.0
4.6465516 638.0
4.6465516 638.0
4.6465516 638.0
4.6465516 638.0
4.6465516 638.0
4.6465516 638.0
4.6465516 638.0
4.6465516 638.0
4.6465516 638.0
4.6465516 638.0
4.6465516 638.0
4.6465516 638.0
4.6465516 638.0
4.6465516 638.0
4.6465516 638.0
4.6465516 638.0
4.6465516 638.0
4.6465516 638.0
4.6465516 638.0
4.6465516 638.0
4.6465516 638.0
4.6465516 638.0
4.6465516 638.0
4.6465516 638.0
4.6465516 638.0
4.6465516 638.0
4.6465516 638.0
4.6465516 638.0
4.6465516 638.0
4.6465516 638.0
4.6465516 638.0
4.6465516 638.0
4.6465516 638.0
4.6465516 638.0
4.6465516 638.0
4.6465516 638.0
4.6465516 638.0
4.6465516 638.0
4.6465516 638.0
4.6465516 638.0
4.6465516 638.0
4.6465516 638.0
4.6465516 638.0
4.6465516 638.0
4.6465516 638.0
4.6465516 638.0
4.6465516 638.0
4.6465516 638.0
4.6465516 638.0
4.6465516 638.0
4.6465516 638.0
4.6465516 638.0
4.6465516 638.0
4.6465516 638.0
4.6465516 638.0
4.6465516 638.0
4.6465516 638.0
4.6465516 638.0
4.6465516 638.0
4.6465516 638.0
4.6465516 638.0
4.6465516 638.0
4.6465516 638.0
4.6465516 638.0
4.6465516 638.0
4.6465516 638.0
4.6465516 638.0
4.6465516 638.0
4.6465516 638.0
4.6465516 638.0
4.6465516 638.0
4.6465516 638.0
4.6465516 638.0
4.6465516 638.0
4.6465516 638.0
4.6465516 638.0
4.6465516 638.0
4.6465516 638.0
4.6465516 638.0
4.6465516 638.0
4.6465516 638.0
4.6465516 638.0
4.6465516 638.0
4.6465516 638.0
4.6465516 638.0
4.6465516 638.0
4.6465516 638.0
4.6465516 638.0
4.6465516 638.0
4.6465516 638.0
4.6465516 638.0
4.6465516 638.0
4.6465516 638.0
4.6465516 638.0
4.6465516 638.0
4.6465516 638.0
4.6465516 638.0
4.6465516 638.0
4.6465516 638.0
4.6465516 638.0
4.6465516 638.0
4.6465516 638.0
4.6465516 638.0
4.6465516 638.0
4.6465516 638.0
4.6465516 638.0
4.6465516 638.0
4.6465516 638.0
4.6465516 638.0
4.6465516 638.0
4.6465516 638.0
4.6465516 638.0
4.6465516 638.0
4.6465516 638.0
4.6465516 638.0
4.6465516 638.0
4.6465516 638.0
4.6465516 638.0
4.6465516 638.0
4.6465516 638.0
4.6465516 638.0
4.6465516 638.0
4.6465516 638.0
4.6465516 638.0
4.6465516 638.0
4.6465516 638.0
4.6465516 638.0
4.6465516 638.0
4.6465516 638.0
4.6465516 638.0
4.6465516 638.0
4.6465516 638.0
4.6465516 638.0
4.6465516 638.0
4.6465516 638.0
4.6465516 638.0
4.6465516 638.0
4.6465516 638.0
4.6465516 638.0
4.6465516 638.0
4.6465516 638.0
4.6465516 638.0
4.6465516 638.0
4.6465516 638.0
4.6465516 638.0
4.6465516 638.0
4.6465516 638.0
4.6465516 638.0
4.6758676 634.0
4.6758676 634.0
4.6758676 634.0
4.6758676 634.0
4.6758676 634.0
4.6758676 634.0
4.6758676 634.0
4.6758676 634.0
4.6758676 634.0
4.6758676 634.0
4.6758676 634.0
4.6758676 634.0
4.6758676 634.0
4.6758676 634.0
4.6758676 634.0
4.6758676 634.0
4.6758676 634.0
4.6758676 634.0
4.6758676 634.0
4.6758676 634.0
4.6758676 634.0
4.6758676 634.0
4.6758676 634.0
4.6758676 634.0
4.6758676 634.0
4.6758676 634.0
4.6758676 634.0
4.6758676 634.0
4.6758676 634.0
4.6758676 634.0
4.6758676 634.0
4.6758676 634.0
4.6758676 634.0
4.6758676 634.0
4.6758676 634.0
4.6758676 634.0
4.6758676 634.0
4.6758676 634.0
4.6758676 634.0
4.6758676 634.0
4.6758676 634.0
4.6758676 634.0
4.6758676 634.0
4.6758676 634.0
4.6758676 634.0
4.6758676 634.0
4.6758676 634.0
4.6758676 634.0
4.6758676 634.0
4.6758676 634.0
4.6758676 634.0
4.6758676 634.0
4.6758676 634.0
4.6758676 634.0
4.6758676 634.0
4.6758676 634.0
4.6758676 634.0
4.6758676 634.0
4.6758676 634.0
4.6758676 634.0
4.6758676 634.0
4.6758676 634.0
4.6758676 634.0
4.6758676 634.0
4.6758676 634.0
4.6758676 634.0
4.6758676 634.0
#00000000000101011010100101110100110010011110010101110100011100101100111011000#
