4.0388284 734.0
4.321429 686.0
4.321429 686.0
4.321429 686.0
4.321429 686.0
4.321429 686.0
4.321429 686.0
4.321429 686.0
4.321429 686.0
4.321429 686.0
4.321429 686.0
4.321429 686.0
4.398368 674.0
4.8919144 606.0
4.8919144 606.0
4.8919144 606.0
4.8919144 606.0
4.8919144 606.0
4.8919144 606.0
4.8919144 606.0
4.8919144 606.0
4.8919144 606.0
4.8919144 606.0
4.8919144 606.0
4.8919144 606.0
4.8919144 606.0
4.8919144 606.0
4.8919144 606.0
4.8919144 606.0
4.8919144 606.0
4.8919144 606.0
4.8919144 606.0
4.8919144 606.0
4.8919144 606.0
4.8919144 606.0
4.8919144 606.0
4.8919144 606.0
4.8919144 606.0
4.8919144 606.0
4.8919144 606.0
4.8919144 606.0
4.8919144 606.0
4.8919144 606.0
4.8919144 606.0
4.8919144 606.0
4.8919144 606.0
4.8919144 606.0
4.8919144 606.0
4.8919144 606.0
4.8919144 606.0
4.8919144 606.0
4.8919144 606.0
4.8919144 606.0
4.8919144 606.0
4.8919144 606.0
4.8919144 606.0
4.8919144 606.0
4.8919144 606.0
4.8919144 606.0
4.8919144 606.0
4.8919144 606.0
4.8919144 606.0
4.8919144 606.0
4.8919144 606.0
4.8919144 606.0
4.8919144 606.0
4.8919144 606.0
4.8919144 606.0
4.8919144 606.0
5.0588737 586.0
5.0588737 586.0
5.0588737 586.0
5.0588737 586.0
5.0588737 586.0
5.0588737 586.0
5.0588737 586.0
5.0588737 586.0
5.0588737 586.0
5.0588737 586.0
5.0588737 586.0
5.0588737 586.0
5.0588737 586.0
5.0588737 586.0
5.0588737 586.0
5.0588737 586.0
5.0588737 586.0
5.0588737 586.0
5.0588737 586.0
5.0588737 586.0
5.0588737 586.0
5.0588737 586.0
5.0588737 586.0
5.0588737 586.0
5.0588737 586.0
5.0588737 586.0
5.0588737 586.0
5.0588737 586.0
5.0588737 586.0
5.0588737 586.0
5.0588737 586.0
5.0588737 586.0
5.0588737 586.0
5.0588737 586.0
5.0588737 586.0
5.0588737 586.0
5.0588737 586.0
5.0588737 586.0
5.0588737 586.0
5.0588737 586.0
5.0588737 586.0
5.0588737 586.0
5.0588737 586.0
5.0588737 586.0
5.0588737 586.0
5.0588737 586.0
5.0588737 586.0
5.0588737 586.0
5.0588737 586.0
5.0588737 586.0
5.0588737 586.0
5.0588737 586.0
5.0588737 586.0
5.0588737 586.0
5.0588737 586.0
5.0588737 586.0
5.0588737 586.0
5.0588737 586.0
5.0588737 586.0
5.0588737 586.0
5.0588737 586.0
5.0588737 586.0
5.0588737 586.0
5.0588737 586.0
5.0588737 586.0
5.0588737 586.0
5.0588737 586.0
5.0588737 586.0
5.0588737 586.0
5.0588737 586.0
5.0588737 586.0
5.0588737 586.0
5.0588737 586.0
5.0588737 586.0
5.0588737 586.0
5.0588737 586.0
5.0588737 586.0
5.0588737 586.0
5.0588737 586.0
5.0588737 586.0
5.0588737 586.0
5.0588737 586.0
5.0588737 586.0
5.0588737 586.0
5.0588737 586.0
5.0588737 586.0
5.0588737 586.0
5.0588737 586.0
5.0588737 586.0
5.0588737 586.0
5.0588737 586.0
5.0588737 586.0
5.0588737 586.0
5.0588737 586.0
5.0588737 586.0
5.0588737 586.0
5.0588737 586.0
5.0588737 586.0
5.0588737 586.0
5.0588737 586.0
5.0588737 586.0
5.0588737 586.0
5.0588737 586.0
5.0588737 586.0
5.0588737 586.0
5.0588737 586.0
5.0588737 586.0
5.0588737 586.0
5.0588737 586.0
5.0588737 586.0
5.0588737 586.0
5.0588737 586.0
5.0588737 586.0
5.0588737 586.0
5.0588737 586.0
5.0588737 586.0
5.0588737 586.0
5.0588737 586.0
5.0588737 586.0
5.0588737 586.0
5.0588737 586.0
5.0588737 586.0
5.0588737 586.0
5.0588737 586.0
5.0588737 586.0
5.0588737 586.0
5.0588737 586.0
5.0588737 586.0
5.0588737 586.0
5.0588737 586.0
5.0588737 586.0
5.0588737 586.0
5.0588737 586.0
5.0588737 586.0
5.0588737 586.0
5.0588737 586.0
5.0588737 586.0
5.0588737 586.0
5.0588737 586.0
5.0588737 586.0
5.0588737 586.0
5.0588737 586.0
5.0588737 586.0
5.0588737 586.0
5.0588737 586.0
5.0588737 586.0
5.0588737 586.0
5.0588737 586.0
5.0588737 586.0
5.0588737 586.0
5.0588737 586.0
5.0588737 586.0
5.0588737 586.0
5.0588737 586.0
5.0588737 586.0
5.0588737 586.0
5.0588737 586.0
5.0588737 586.0
5.0588737 586.0
5.0588737 586.0
5.0588737 586.0
5.0588737 586.0
5.0588737 586.0
5.0588737 586.0
5.0588737 586.0
5.0588737 586.0
5.0588737 586.0
5.0588737 586.0
5.0588737 586.0
5.0588737 586.0
5.0588737 586.0
5.0588737 586.0
5.0588737 586.0
5.0588737 586.0
5.0588737 586.0
5.0588737 586.0
5.0588737 586.0
5.0588737 586.0
5.0588737 586.0
5.0588737 586.0
5.0588737 586.0
5.0588737 586.0
5.0588737 586.0
5.0588737 586.0
5.0588737 586.0
5.0588737 586.0
5.0588737 586.0
5.0588737 586.0
5.0588737 586.0
5.0588737 586.0
5.0588737 586.0
5.0588737 586.0
5.0588737 586.0
5.0588737 586.0
5.0588737 586.0
5.0588737 586.0
5.0588737 586.0
5.0588737 586.0
5.0588737 586.0
5.0588737 586.0
5.0588737 586.0
5.0588737 586.0
5.0588737 586.0
5.0588737 586.0
5.0588737 586.0
5.0588737 586.0
5.0588737 586.0
5.0588737 586.0
5.0588737 586.0
5.0588737 586.0
5.0588737 586.0
5.0588737 586.0
5.0588737 586.0
5.0588737 586.0
5.0588737 586.0
5.0588737 586.0
5.0588737 586.0
5.0588737 586.0
5.0588737 586.0
5.0588737 586.0
5.0588737 586.0
5.0588737 586.0
5.0588737 586.0
5.0588737 586.0
5.0588737 586.0
5.0588737 586.0
5.0588737 586.0
5.0588737 586.0
5.0588737 586.0
5.0588737 586.0
5.0588737 586.0
5.0588737 586.0
5.0588737 586.0
5.0588737 586.0
5.0588737 586.0
5.0588737 586.0
5.0588737 586.0
5.0588737 586.0
5.0588737 586.0
5.0588737 586.0
5.0588737 586.0
5.0588737 586.0
5.0588737 586.0
5.0588737 586.0
5.0588737 586.0
5.0588737 586.0
5.0588737 586.0
5.0588737 586.0
5.0588737 586.0
5.0588737 586.0
5.0588737 586.0
5.0588737 586.0
5.0588737 586.0
5.0588737 586.0
5.0588737 586.0
5.0588737 586.0
5.0588737 586.0
5.0588737 586.0
5.0588737 586.0
5.0588737 586.0
#10101000010000110011000010101111111011001100100101001111011011001111000011111#
