802.0
782.0
722.0
722.0
722.0
722.0
722.0
722.0
682.0
658.0
658.0
658.0
658.0
658.0
658.0
658.0
658.0
658.0
658.0
658.0
658.0
658.0
658.0
658.0
658.0
658.0
658.0
658.0
658.0
658.0
658.0
658.0
658.0
658.0
658.0
658.0
658.0
658.0
658.0
658.0
658.0
658.0
658.0
658.0
658.0
658.0
658.0
658.0
658.0
658.0
658.0
658.0
658.0
638.0
638.0
638.0
638.0
638.0
638.0
638.0
638.0
638.0
638.0
638.0
638.0
638.0
638.0
638.0
638.0
638.0
638.0
638.0
638.0
638.0
638.0
638.0
638.0
638.0
638.0
638.0
638.0
638.0
638.0
638.0
638.0
638.0
638.0
638.0
638.0
638.0
638.0
638.0
638.0
638.0
638.0
638.0
638.0
638.0
638.0
638.0
638.0
638.0
638.0
638.0
638.0
638.0
638.0
638.0
638.0
638.0
638.0
638.0
638.0
638.0
638.0
638.0
638.0
638.0
638.0
638.0
638.0
638.0
638.0
638.0
638.0
638.0
638.0
638.0
638.0
638.0
638.0
638.0
638.0
638.0
638.0
638.0
638.0
638.0
638.0
638.0
638.0
638.0
638.0
638.0
638.0
638.0
638.0
638.0
638.0
638.0
638.0
638.0
638.0
638.0
638.0
638.0
638.0
638.0
638.0
638.0
638.0
638.0
638.0
638.0
638.0
638.0
638.0
638.0
638.0
638.0
638.0
638.0
638.0
638.0
638.0
638.0
638.0
638.0
638.0
638.0
638.0
638.0
638.0
638.0
638.0
638.0
638.0
638.0
638.0
638.0
638.0
638.0
638.0
638.0
638.0
638.0
638.0
638.0
638.0
638.0
638.0
638.0
638.0
638.0
638.0
638.0
638.0
638.0
638.0
638.0
638.0
638.0
638.0
638.0
638.0
638.0
638.0
638.0
638.0
638.0
638.0
638.0
638.0
638.0
638.0
638.0
638.0
638.0
638.0
638.0
638.0
638.0
638.0
638.0
638.0
638.0
638.0
638.0
638.0
638.0
638.0
638.0
638.0
638.0
638.0
638.0
638.0
638.0
638.0
638.0
638.0
638.0
638.0
638.0
638.0
638.0
638.0
638.0
638.0
638.0
638.0
634.0
634.0
634.0
634.0
634.0
634.0
634.0
634.0
634.0
634.0
634.0
634.0
634.0
634.0
634.0
634.0
634.0
634.0
634.0
634.0
634.0
634.0
634.0
634.0
634.0
634.0
634.0
634.0
634.0
634.0
634.0
634.0
634.0
634.0
634.0
634.0
634.0
634.0
634.0
634.0
634.0
634.0
634.0
634.0
634.0
634.0
634.0
634.0
634.0
634.0
634.0
634.0
634.0
634.0
634.0
634.0
634.0
634.0
634.0
634.0
634.0
634.0
634.0
634.0
634.0
634.0
634.0
