4.208738 309.0
4.208738 309.0
4.208738 309.0
4.378788 297.0
4.378788 297.0
4.4385667 293.0
4.4385667 293.0
4.4385667 293.0
4.4385667 293.0
4.4385667 293.0
4.4385667 293.0
4.4385667 293.0
4.4385667 293.0
4.4385667 293.0
4.4385667 293.0
4.4385667 293.0
4.4385667 293.0
4.4385667 293.0
4.563158 285.0
4.6281137 281.0
4.6281137 281.0
4.6281137 281.0
4.6281137 281.0
4.6281137 281.0
4.8345723 269.0
4.8345723 269.0
4.8345723 269.0
4.8345723 269.0
4.8345723 269.0
4.8345723 269.0
4.8345723 269.0
4.8345723 269.0
4.8345723 269.0
4.8345723 269.0
4.8345723 269.0
4.8345723 269.0
4.8345723 269.0
4.8345723 269.0
4.8345723 269.0
4.8345723 269.0
4.8345723 269.0
4.8345723 269.0
4.8345723 269.0
4.8345723 269.0
4.8345723 269.0
4.8345723 269.0
4.8345723 269.0
4.8345723 269.0
4.8345723 269.0
4.8345723 269.0
4.8345723 269.0
4.8345723 269.0
4.8345723 269.0
4.8345723 269.0
4.8345723 269.0
4.8345723 269.0
4.8345723 269.0
4.8345723 269.0
4.8345723 269.0
4.8345723 269.0
4.8345723 269.0
4.8345723 269.0
4.8345723 269.0
4.8345723 269.0
4.8345723 269.0
4.8345723 269.0
4.8345723 269.0
4.8345723 269.0
4.8345723 269.0
4.8345723 269.0
4.8345723 269.0
4.8345723 269.0
4.8345723 269.0
4.8345723 269.0
4.8345723 269.0
4.8345723 269.0
4.8345723 269.0
4.8345723 269.0
4.8345723 269.0
4.8345723 269.0
4.8345723 269.0
4.8345723 269.0
4.8345723 269.0
4.8345723 269.0
4.8345723 269.0
4.8345723 269.0
4.8345723 269.0
4.8345723 269.0
4.8345723 269.0
4.8345723 269.0
4.907547 265.0
4.907547 265.0
4.907547 265.0
4.907547 265.0
4.907547 265.0
4.907547 265.0
4.907547 265.0
4.907547 265.0
4.907547 265.0
4.907547 265.0
4.907547 265.0
4.907547 265.0
4.907547 265.0
4.907547 265.0
4.907547 265.0
4.907547 265.0
4.907547 265.0
4.907547 265.0
4.907547 265.0
4.907547 265.0
4.907547 265.0
4.907547 265.0
4.907547 265.0
4.907547 265.0
4.907547 265.0
4.907547 265.0
4.907547 265.0
4.907547 265.0
4.907547 265.0
4.907547 265.0
4.907547 265.0
4.907547 265.0
4.907547 265.0
4.907547 265.0
4.907547 265.0
4.907547 265.0
4.907547 265.0
4.907547 265.0
4.907547 265.0
4.907547 265.0
4.907547 265.0
4.907547 265.0
4.907547 265.0
4.907547 265.0
4.907547 265.0
4.907547 265.0
4.907547 265.0
4.907547 265.0
4.907547 265.0
4.907547 265.0
4.907547 265.0
4.907547 265.0
4.907547 265.0
4.907547 265.0
4.907547 265.0
4.907547 265.0
4.907547 265.0
4.907547 265.0
4.907547 265.0
4.907547 265.0
4.907547 265.0
4.907547 265.0
4.907547 265.0
4.907547 265.0
4.907547 265.0
4.907547 265.0
4.907547 265.0
4.907547 265.0
4.907547 265.0
4.907547 265.0
4.907547 265.0
4.907547 265.0
4.907547 265.0
4.907547 265.0
4.907547 265.0
4.907547 265.0
4.907547 265.0
4.907547 265.0
4.907547 265.0
4.907547 265.0
4.907547 265.0
4.907547 265.0
4.907547 265.0
4.907547 265.0
4.907547 265.0
4.907547 265.0
4.907547 265.0
4.907547 265.0
4.907547 265.0
4.907547 265.0
4.907547 265.0
4.907547 265.0
4.907547 265.0
4.907547 265.0
4.907547 265.0
4.907547 265.0
4.907547 265.0
4.907547 265.0
4.907547 265.0
4.907547 265.0
4.907547 265.0
4.907547 265.0
4.907547 265.0
4.907547 265.0
4.907547 265.0
4.907547 265.0
4.907547 265.0
4.907547 265.0
4.907547 265.0
4.907547 265.0
4.907547 265.0
4.907547 265.0
4.907547 265.0
4.907547 265.0
4.907547 265.0
4.907547 265.0
4.907547 265.0
4.907547 265.0
4.907547 265.0
4.907547 265.0
4.907547 265.0
4.907547 265.0
4.907547 265.0
4.907547 265.0
4.907547 265.0
4.907547 265.0
4.907547 265.0
4.907547 265.0
4.907547 265.0
4.907547 265.0
4.907547 265.0
4.907547 265.0
4.907547 265.0
4.907547 265.0
4.907547 265.0
4.907547 265.0
4.907547 265.0
4.907547 265.0
4.907547 265.0
4.907547 265.0
4.907547 265.0
4.907547 265.0
4.907547 265.0
4.907547 265.0
4.907547 265.0
4.907547 265.0
4.907547 265.0
4.907547 265.0
4.907547 265.0
4.907547 265.0
4.907547 265.0
4.907547 265.0
4.907547 265.0
4.907547 265.0
4.9827585 261.0
4.9827585 261.0
4.9827585 261.0
4.9827585 261.0
4.9827585 261.0
4.9827585 261.0
4.9827585 261.0
4.9827585 261.0
4.9827585 261.0
4.9827585 261.0
4.9827585 261.0
4.9827585 261.0
4.9827585 261.0
4.9827585 261.0
4.9827585 261.0
4.9827585 261.0
4.9827585 261.0
4.9827585 261.0
4.9827585 261.0
4.9827585 261.0
4.9827585 261.0
4.9827585 261.0
4.9827585 261.0
4.9827585 261.0
4.9827585 261.0
4.9827585 261.0
4.9827585 261.0
4.9827585 261.0
4.9827585 261.0
4.9827585 261.0
4.9827585 261.0
4.9827585 261.0
4.9827585 261.0
4.9827585 261.0
5.140316 253.0
5.140316 253.0
5.140316 253.0
5.140316 253.0
5.140316 253.0
5.140316 253.0
5.140316 253.0
5.140316 253.0
5.140316 253.0
5.140316 253.0
5.140316 253.0
5.140316 253.0
5.140316 253.0
5.140316 253.0
5.140316 253.0
5.140316 253.0
5.140316 253.0
5.140316 253.0
5.140316 253.0
5.140316 253.0
5.140316 253.0
5.140316 253.0
5.140316 253.0
5.140316 253.0
5.140316 253.0
5.140316 253.0
5.140316 253.0
5.140316 253.0
5.140316 253.0
5.140316 253.0
5.140316 253.0
5.140316 253.0
5.140316 253.0
5.140316 253.0
5.140316 253.0
5.140316 253.0
5.140316 253.0
5.140316 253.0
5.140316 253.0
5.140316 253.0
5.140316 253.0
5.140316 253.0
5.140316 253.0
5.140316 253.0
5.140316 253.0
5.140316 253.0
5.140316 253.0
5.140316 253.0
5.140316 253.0
5.140316 253.0
5.140316 253.0
5.140316 253.0
5.140316 253.0
5.140316 253.0
5.140316 253.0
5.140316 253.0
5.140316 253.0
5.140316 253.0
5.140316 253.0
5.140316 253.0
5.140316 253.0
5.140316 253.0
5.140316 253.0
5.140316 253.0
5.140316 253.0
5.140316 253.0
5.140316 253.0
5.140316 253.0
5.140316 253.0
5.140316 253.0
5.140316 253.0
5.140316 253.0
5.140316 253.0
5.140316 253.0
5.140316 253.0
5.140316 253.0
5.140316 253.0
5.140316 253.0
5.140316 253.0
5.140316 253.0
5.140316 253.0
5.140316 253.0
5.140316 253.0
5.140316 253.0
5.140316 253.0
5.140316 253.0
5.140316 253.0
5.140316 253.0
5.140316 253.0
5.140316 253.0
5.140316 253.0
5.140316 253.0
5.140316 253.0
5.140316 253.0
5.140316 253.0
5.140316 253.0
5.140316 253.0
5.140316 253.0
5.140316 253.0
5.140316 253.0
5.140316 253.0
5.140316 253.0
5.140316 253.0
5.140316 253.0
5.140316 253.0
5.140316 253.0
5.140316 253.0
5.140316 253.0
5.140316 253.0
5.140316 253.0
5.140316 253.0
5.140316 253.0
5.140316 253.0
5.140316 253.0
5.140316 253.0
5.140316 253.0
5.140316 253.0
5.140316 253.0
5.140316 253.0
5.140316 253.0
5.140316 253.0
5.140316 253.0
5.140316 253.0
5.140316 253.0
5.140316 253.0
5.140316 253.0
5.140316 253.0
5.140316 253.0
5.140316 253.0
5.140316 253.0
5.140316 253.0
5.140316 253.0
5.140316 253.0
5.140316 253.0
5.140316 253.0
5.140316 253.0
5.140316 253.0
5.140316 253.0
5.140316 253.0
5.140316 253.0
5.140316 253.0
5.140316 253.0
5.140316 253.0
5.140316 253.0
5.140316 253.0
5.140316 253.0
5.140316 253.0
5.140316 253.0
5.140316 253.0
5.140316 253.0
5.140316 253.0
5.140316 253.0
5.140316 253.0
5.140316 253.0
5.140316 253.0
5.140316 253.0
5.140316 253.0
5.140316 253.0
#000100001000011100101111001101100000101111010001010#
