309.0
309.0
309.0
297.0
297.0
293.0
293.0
293.0
293.0
293.0
293.0
293.0
293.0
293.0
293.0
293.0
293.0
293.0
285.0
281.0
281.0
281.0
281.0
281.0
269.0
269.0
269.0
269.0
269.0
269.0
269.0
269.0
269.0
269.0
269.0
269.0
269.0
269.0
269.0
269.0
269.0
269.0
269.0
269.0
269.0
269.0
269.0
269.0
269.0
269.0
269.0
269.0
269.0
269.0
269.0
269.0
269.0
269.0
269.0
269.0
269.0
269.0
269.0
269.0
269.0
269.0
269.0
269.0
269.0
269.0
269.0
269.0
269.0
269.0
269.0
269.0
269.0
269.0
269.0
269.0
269.0
269.0
269.0
269.0
269.0
269.0
269.0
269.0
269.0
269.0
265.0
265.0
265.0
265.0
265.0
265.0
265.0
265.0
265.0
265.0
265.0
265.0
265.0
265.0
265.0
265.0
265.0
265.0
265.0
265.0
265.0
265.0
265.0
265.0
265.0
265.0
265.0
265.0
265.0
265.0
265.0
265.0
265.0
265.0
265.0
265.0
265.0
265.0
265.0
265.0
265.0
265.0
265.0
265.0
265.0
265.0
265.0
265.0
265.0
265.0
265.0
265.0
265.0
265.0
265.0
265.0
265.0
265.0
265.0
265.0
265.0
265.0
265.0
265.0
265.0
265.0
265.0
265.0
265.0
265.0
265.0
265.0
265.0
265.0
265.0
265.0
265.0
265.0
265.0
265.0
265.0
265.0
265.0
265.0
265.0
265.0
265.0
265.0
265.0
265.0
265.0
265.0
265.0
265.0
265.0
265.0
265.0
265.0
265.0
265.0
265.0
265.0
265.0
265.0
265.0
265.0
265.0
265.0
265.0
265.0
265.0
265.0
265.0
265.0
265.0
265.0
265.0
265.0
265.0
265.0
265.0
265.0
265.0
265.0
265.0
265.0
265.0
265.0
265.0
265.0
265.0
265.0
265.0
265.0
265.0
265.0
265.0
265.0
265.0
265.0
265.0
265.0
265.0
265.0
265.0
265.0
265.0
265.0
265.0
265.0
265.0
265.0
265.0
265.0
261.0
261.0
261.0
261.0
261.0
261.0
261.0
261.0
261.0
261.0
261.0
261.0
261.0
261.0
261.0
261.0
261.0
261.0
261.0
261.0
261.0
261.0
261.0
261.0
261.0
261.0
261.0
261.0
261.0
261.0
261.0
261.0
261.0
261.0
253.0
253.0
253.0
253.0
253.0
253.0
253.0
253.0
253.0
253.0
253.0
253.0
253.0
253.0
253.0
253.0
253.0
253.0
253.0
253.0
253.0
253.0
253.0
253.0
253.0
253.0
253.0
253.0
253.0
253.0
253.0
253.0
253.0
253.0
253.0
253.0
253.0
253.0
253.0
253.0
253.0
253.0
253.0
253.0
253.0
253.0
253.0
253.0
253.0
253.0
253.0
253.0
253.0
253.0
253.0
253.0
253.0
253.0
253.0
253.0
253.0
253.0
253.0
253.0
253.0
253.0
253.0
253.0
253.0
253.0
253.0
253.0
253.0
253.0
253.0
253.0
253.0
253.0
253.0
253.0
253.0
253.0
253.0
253.0
253.0
253.0
253.0
253.0
253.0
253.0
253.0
253.0
253.0
253.0
253.0
253.0
253.0
253.0
253.0
253.0
253.0
253.0
253.0
253.0
253.0
253.0
253.0
253.0
253.0
253.0
253.0
253.0
253.0
253.0
253.0
253.0
253.0
253.0
253.0
253.0
253.0
253.0
253.0
253.0
253.0
253.0
253.0
253.0
253.0
253.0
253.0
253.0
253.0
253.0
253.0
253.0
253.0
253.0
253.0
253.0
253.0
253.0
253.0
253.0
253.0
253.0
253.0
253.0
253.0
253.0
253.0
253.0
253.0
253.0
253.0
253.0
253.0
253.0
