L=77, T=600s, Q=10000
0.9258276 3202.0
0.9758065 3038.0
0.99814814 2970.0
1.1662077 2542.0
1.1754559 2522.0
1.2199589 2430.0
1.2487363 2374.0
1.2922843 2294.0
1.3561299 2186.0
1.463228 2026.0
1.6451166 1802.0
1.7017796 1742.0
1.7879976 1658.0
1.8187116 1630.0
1.8738939 1582.0
1.8978873 1562.0
1.9842705 1494.0
2.1829896 1358.0
2.1894386 1354.0
2.298062 1290.0
2.5424528 1166.0
2.6141975 1134.0
2.7398336 1082.0
2.9006848 1022.0
3.1337209 946.0
3.1470275 942.0
3.3159955 894.0
3.3459368 886.0
3.3918765 874.0
3.4074712 870.0
3.487647 850.0
3.624083 818.0
3.85 770.0
3.89042 762.0
4.0169377 738.0
4.0388284 734.0
4.060959 730.0
4.151961 714.0
4.2229342 702.0
4.321429 686.0
4.4512014 666.0
#10101110011110111110000100001000100111110100100011011000010100010011100000101#
