L=77, T=600s, Q=10000
1.3561299 2186.0
1.3762767 2154.0
1.5488505 1914.0
1.5955328 1858.0
1.8597867 1594.0
1.9275032 1538.0
1.9737017 1502.0
2.126614 1394.0
2.1513062 1378.0
2.2838984 1298.0
2.386876 1242.0
2.4023502 1234.0
2.4828308 1194.0
2.5600173 1158.0
2.5958843 1142.0
2.6050088 1138.0
2.8450096 1042.0
2.8670213 1034.0
2.9120824 1018.0
3.1470275 942.0
3.3308988 890.0
3.5375896 838.0
3.6780398 806.0
3.7336273 794.0
3.8301034 774.0
4.0388284 734.0
4.1990085 706.0
4.321429 686.0
#01100100101010001100000110100111010101001111011100100001011110010011110000000#
