L=77, T=600s, Q=10000
0.99014693 2994.0
1.0748731 2758.0
1.1717391 2530.0
1.1943997 2482.0
1.2060618 2458.0
1.2811149 2314.0
1.3152174 2254.0
1.3917841 2130.0
1.3944026 2126.0
1.4690287 2018.0
1.5296698 1938.0
1.578541 1878.0
1.6451166 1802.0
1.717555 1726.0
1.7458775 1698.0
1.8551314 1598.0
1.9027599 1558.0
1.9842705 1494.0
2.0277019 1462.0
2.1327338 1390.0
2.2222638 1334.0
2.2838984 1298.0
2.3342519 1270.0
2.3640351 1254.0
2.4023502 1234.0
2.4911764 1190.0
2.5337608 1170.0
2.577826 1150.0
2.699909 1098.0
2.7197247 1090.0
2.8893762 1026.0
2.9351485 1010.0
2.9585829 1002.0
3.0065923 986.0
3.0436344 974.0
3.1074424 954.0
3.1470275 942.0
3.229303 918.0
3.3611112 882.0
3.3918765 874.0
3.4232101 866.0
3.520784 842.0
3.7149122 798.0
3.7336273 794.0
3.8701046 766.0
4.0833335 726.0
4.151961 714.0
#11000000111100101101010110001011001101100101000101000100000000001110011010110#
