L=77, T=600s, Q=10000
0.9809729 3022.0
1.0272002 2886.0
1.0764343 2754.0
1.1153122 2658.0
1.1662077 2542.0
1.2855594 2306.0
1.2945415 2290.0
1.3511851 2194.0
1.4293635 2074.0
1.4404762 2058.0
1.514045 1958.0
1.5652059 1894.0
1.6093919 1842.0
1.7017796 1742.0
1.709631 1734.0
1.7624851 1682.0
1.8834181 1574.0
1.9684595 1506.0
1.9842705 1494.0
2.1702049 1366.0
2.1765785 1362.0
2.4995785 1186.0
2.551205 1162.0
2.6803796 1106.0
2.9823945 994.0
3.0065923 986.0
3.0688405 966.0
3.0944676 958.0
3.1604478 938.0
3.2014039 926.0
3.3918765 874.0
3.439095 862.0
3.588983 826.0
3.641892 814.0
3.7336273 794.0
#01010110110001010111000011000110110000110110000000000000110111011001011010111#
