L=77, T=600s, Q=10000
0.7628667 3886.0
0.8553087 3466.0
0.9099141 3258.0
0.9435073 3142.0
0.9809729 3022.0
1.046048 2834.0
1.0890889 2722.0
1.1340857 2614.0
1.1571038 2562.0
1.358616 2182.0
1.3891753 2134.0
1.4023179 2114.0
1.694 1750.0
1.7751497 1670.0
1.9275032 1538.0
2.0057511 1478.0
2.1450796 1382.0
2.2024517 1346.0
2.2289474 1330.0
2.2560883 1314.0
2.425941 1222.0
2.760242 1074.0
2.9120824 1018.0
3.0561855 970.0
3.1604478 938.0
3.1876345 930.0
3.2434354 914.0
3.4551282 858.0
3.6064477 822.0
3.9316976 754.0
#00001110001100011011110010000101100010110111011011101010001011000101010000000#
